 LAMMPS data file for ring polymer of length 200
 
         200 atoms
         201 bonds
 
           2 atom types
           1 bond types
 
 Masses
 
           1   1.00000000    
           2   1.00000000    
 
 Atoms
 
           1           0           2   2.3942631234581131       -1.6008177650183277E-002 -0.33107069394089650                0           0           0
           2           0           2   1.4742230750266572      -0.29841024317400278      -0.31819701431364966                0           0           0
           3           0           2   1.4535863395001705      -0.38366706577470455       -1.3528790067569814                0           0           0
           4           0           2   2.1692045487376124       -1.0351388161871553       -1.8430793926796250                0           0           0
           5           0           2   1.7335136763237391      -0.52924514574354431       -2.7101781745565829                0           0           0
           6           0           2   1.1074632629909917        8.0138803615925194E-002  -2.1950900092810532                0           0           0
           7           0           2   1.6894534018426559       0.81590973126831778       -1.6279950944565733                0           0           0
           8           0           2   1.1010723451683737       0.45261170036577125      -0.85857172538183757                0           0           0
           9           0           2  0.68296408533024078      -0.14781282569579296      -0.13919251369735453                0           0           0
          10           0           2  0.44598905606164252       0.35769531376759151       0.65280906845030406                0           0           0
          11           0           2  0.11192175475095852      -0.14247123026451619        1.3917442889396798                0           0           0
          12           0           2 -0.63114029525752180      -0.46555834610216862        1.8181012016840072                0           0           0
          13           0           2 -0.44972186270448133      -0.71985698800811349        2.8161464695361369                0           0           0
          14           0           2  0.46051366291657464      -0.71117978445666918        3.1083628603364137                0           0           0
          15           0           2  0.32051465804174306       0.11082178956529358        2.5902091493831705                0           0           0
          16           0           2   1.0720276934925115       0.51607468544561730        3.1302351601371985                0           0           0
          17           0           2   1.9065757399012249        1.1899403552952306        2.9326520005174066                0           0           0
          18           0           2   1.3241963428650410        2.0282131254907876        2.9178424250925263                0           0           0
          19           0           2   1.9342227779849357        1.9076648412057602        2.1785187229794492                0           0           0
          20           0           2   2.4899466841653353        1.5945953230524446        1.4211925409451933                0           0           0
          21           0           2   2.6779011463221494       0.80714726791023550        1.1347390517987996                0           0           0
          22           0           2   2.7649135237302951       0.70662630192451958       0.25986309679845260                0           0           0
          23           0           2   3.0168861602321644       0.57608243179497676      -0.62436092063451165                0           0           0
          24           0           2   3.4479127520942270       0.91733973849459272       -1.5346501034358297                0           0           0
          25           0           2   2.7722480350177827        1.3844310532171420       -2.2587133930148378                0           0           0
          26           0           2   1.9692700989250502        1.1566683333877739       -2.5633592615100325                0           0           0
          27           0           2   1.0528261518428761        1.4916824241971054       -3.0055133136427354                0           0           0
          28           0           2   1.4606299230172126        1.6468506209100862       -2.2535344992862694                0           0           0
          29           0           2   1.1890153904544294        2.6296664011136035       -2.4736789324011910                0           0           0
          30           0           2   1.6485839130620690        2.8711732862070831       -1.5901178876909161                0           0           0
          31           0           2   2.5645527757259603        2.2319053319644748       -1.3926607841966800                0           0           0
          32           0           2   3.2617607048250798        1.7590768500077931      -0.77193143130577646                0           0           0
          33           0           2   3.7719143275331990        1.1930165269518647      -0.38369550762004506                0           0           0
          34           0           2   3.3816104200016501        2.0779529066696227       0.14281460395096301                0           0           0
          35           0           2   2.6315578760314389        1.6743701980991004      -0.24568356782692780                0           0           0
          36           0           2   2.6434288591780448        2.6066685744398033       0.31482080738119622                0           0           0
          37           0           2   1.8515060452869232        2.4038532364584433       0.14165259998447194                0           0           0
          38           0           2   1.2669619737676630        2.8531108331420398       0.70513244077014792                0           0           0
          39           0           2  0.26949617762124284        3.1458057887554349        1.0335509854204845                0           0           0
          40           0           2  0.15907963573454920        2.5159036142836784       0.13222111430146358                0           0           0
          41           0           2  0.26574487387557022        1.8453293526804857      -0.68329011456328126                0           0           0
          42           0           2   1.2025099525315326        1.4147600397925209      -0.67605518747450866                0           0           0
          43           0           2   1.7041773114609571       0.66718672032982329      -0.13056915031109340                0           0           0
          44           0           2   1.9329744742305510        1.5987584850712595       0.37226715232318541                0           0           0
          45           0           2   1.2429263400345083        1.0101608791999575       0.71912958488567724                0           0           0
          46           0           2   1.9267383590582212       0.79085797369923028        1.3843952656397185                0           0           0
          47           0           2   1.2356346232728548        1.4567190589969430        1.5873940251011729                0           0           0
          48           0           2  0.60845213998218339        1.9636363007695226        1.1230467430870481                0           0           0
          49           0           2 -0.33175647434663913        1.6982720489668957        1.1813103803345579                0           0           0
          50           0           2 -0.33199098410317651        1.7029004063551907       0.30061037404283714                0           0           0
          51           0           1  -1.0244290323662142        2.1376001902569186       0.90111111574388769                0           0           0
          52           0           1 -0.79337617667559712        2.4293795362720960       -5.6213739587243489E-002           0           0           0
          53           0           1  -1.6301657303580388        2.9747239577071709      -0.48499479543214685                0           0           0
          54           0           1  -1.1312819427920666        3.2666511595206251       0.31538743241389533                0           0           0
          55           0           1 -0.63473303608325393        3.8651908442504128      -0.44754573756747801                0           0           0
          56           0           1 -0.17817251506021906        3.5668459582578844       0.35413324807151769                0           0           0
          57           0           1  0.67385966711172096        3.7736844922584858       0.69987015537928599                0           0           0
          58           0           1   1.2385582641233659        3.6270542787280378      -0.13674180784568701                0           0           0
          59           0           1  0.50708453741617432        3.3943575158796508      -0.80671291044667592                0           0           0
          60           0           1 -0.23789178534536221        3.4661606015368562       -1.3264304448862847                0           0           0
          61           0           1  -5.6524200743890314E-002   2.9376614588001897       -2.0671792287803816                0           0           0
          62           0           1  0.44189454166922937        2.1318779237605145       -2.2576492289897332                0           0           0
          63           0           1 -0.34858516054810185        1.5060044963507762       -2.0646466379668587                0           0           0
          64           0           1 -0.84023761886287218        2.1600757578990000       -1.5556928808399610                0           0           0
          65           0           1 -0.43219347529797619        1.3081737681088494       -1.3367647808596863                0           0           0
          66           0           1 -0.15724306178606745       0.64960883226017030      -0.50532807984221884                0           0           0
          67           0           1 -0.78326073535691587        5.5285591465760779E-002   2.3401875489283209E-003           0           0           0
          68           0           1 -0.43610440194784295       0.83889043159487831       0.42144067229418808                0           0           0
          69           0           1  -1.1564696477627956        1.2144878589183206       0.91693796451729637                0           0           0
          70           0           1  -1.6891792926044260        1.4705909442458724        1.6673606966594141                0           0           0
          71           0           1  -2.4276294406334484        2.1602342478954895        1.8489904298576365                0           0           0
          72           0           1  -3.0062096272186198        1.5263381623384980        1.0869969150949705                0           0           0
          73           0           1  -2.1305261084964795        1.4588055429182185       0.78218785059242657                0           0           0
          74           0           1  -2.0826468451483575        2.4314571479209071        1.0537204499342212                0           0           0
          75           0           1  -1.2152496427094341        2.6460555749544477        1.6134073778748079                0           0           0
          76           0           1 -0.32836156251798299        2.2824790129287598        2.0453766266255955                0           0           0
          77           0           1  0.58227427819750843        2.9013406556830246        1.7645305817587478                0           0           0
          78           0           1   2.2384877832091615E-002   2.7726650120649463        2.5943773569688058                0           0           0
          79           0           1  0.43867260689053872        1.9823723510020110        2.0373788451988162                0           0           0
          80           0           1  0.30516343848635313        1.1464671354700597        2.3282580098333399                0           0           0
          81           0           1 -0.38023291309440599       0.50373106730455752        2.0882999234422464                0           0           0
          82           0           1 -0.23172526965180912       0.84653094008994145        2.9652225468350530                0           0           0
          83           0           1  -1.2355915304066818       0.84465195404394999        3.1096331063468692                0           0           0
          84           0           1  -1.6150176658115798       -2.5421397425613140E-002   2.8661869853701609                0           0           0
          85           0           1  -1.6173308843309768       0.55571143067618511        1.8923646827082263                0           0           0
          86           0           1  -1.9397581681643057      -0.38505740051596771        2.0749104818479647                0           0           0
          87           0           1  -2.3039078014484100       -1.3109757412583081        2.2275390733510361                0           0           0
          88           0           1  -2.7980758229975176      -0.83729541027998178        1.5690109484058437                0           0           0
          89           0           1  -3.3494130369192194       -1.1240784338652846E-002   1.8309974494378258                0           0           0
          90           0           1  -2.6610467127029676       0.58058004111500827        1.8978793998046570                0           0           0
          91           0           1  -2.4890389201188881       0.65809274094001335       0.84524869447446604                0           0           0
          92           0           1  -2.6897243033072611        1.3286890621931606        2.4052318681670251E-002           0           0           0
          93           0           1  -3.5143202370587820        1.4261279335640888       0.46436990626794317                0           0           0
          94           0           1  -3.5970663717425428        1.4137509814808127      -0.50989613104108777                0           0           0
          95           0           1  -3.6111663239591705       0.55019551475825712        5.5935963886212574E-002           0           0           0
          96           0           1  -3.1218348979915453       0.36584727451850485      -0.88857475385772222                0           0           0
          97           0           1  -2.7776551895157886        1.2786399128584189       -1.3623039272105952                0           0           0
          98           0           1  -2.4224400379902016        1.9890147617935956      -0.76261854696163567                0           0           0
          99           0           1  -2.0103645797513305        1.1643598517969087      -0.68447682807639232                0           0           0
         100           0           1  -1.3449886905141970        1.3181410465531593        2.5739820983428696E-002           0           0           0
         101           0           2  -1.5574084817939933        1.9504843843027191      -0.68808488935521561                0           0           0
         102           0           2  -1.6076424759333707        1.3707477828968617       -1.6006057264933298                0           0           0
         103           0           2  -2.3886793938577466       0.88335811256546470       -1.9329226022157153                0           0           0
         104           0           2  -2.2445496710933845       0.79283498336705682       -2.8477138488043328                0           0           0
         105           0           2  -2.8955162355221922       0.16622640168680891       -2.6027656287726222                0           0           0
         106           0           2  -2.7624080310941093       -7.6739088494395979E-002  -1.7052820643160889                0           0           0
         107           0           2  -3.3203746375922178      -0.90621237289770618       -1.7218383233766703                0           0           0
         108           0           2  -3.0296131663614614       -1.7449095160975265       -1.9027554224806569                0           0           0
         109           0           2  -2.6941771062415931       -2.4409110506507354       -1.6007470203502847                0           0           0
         110           0           2  -2.1350585170884298       -2.0317729725785560       -2.2611548068009708                0           0           0
         111           0           2  -1.7944296152617634       -1.3437411600180833       -1.4489429833643934                0           0           0
         112           0           2  -2.7976648084592197       -1.5938983354816438       -1.1781481570451271                0           0           0
         113           0           2  -3.2180373880137396       -2.2917350906923990      -0.56732215068632752                0           0           0
         114           0           2  -2.3788537558624778       -2.1459408822801023      -0.13809237846038794                0           0           0
         115           0           2  -2.8124470998932782       -2.1580344778195770       0.72795483760929058                0           0           0
         116           0           2  -2.1502202593056445       -1.8743175264857750        1.3723946251269954                0           0           0
         117           0           2  -3.0887370318853158       -1.9009771513264384        1.4226769366856025                0           0           0
         118           0           2  -2.9383202179742396       -1.1103301308263869       0.71550827297330299                0           0           0
         119           0           2  -3.3098237357320870      -0.40796168366839691       0.11107824421364371                0           0           0
         120           0           2  -2.6230348665595842      -0.94641835705763711      -0.53730479702908229                0           0           0
         121           0           2  -1.9618732487551267      -0.29197866886939594      -0.48650010094399504                0           0           0
         122           0           2  -1.4135896017609237      -0.28759887239140514       -1.3309714240253856                0           0           0
         123           0           2  -1.9137622628228317      -0.50856254168537618       -2.1711013100895036                0           0           0
         124           0           2  -1.4659967203379072      -0.20851436020783801       -3.0435038943966175                0           0           0
         125           0           2 -0.50856041577105837        6.7425519091855735E-002  -2.7696473191710931                0           0           0
         126           0           2 -0.83584808244144548        1.4097770248149601E-002  -1.8869858809111033                0           0           0
         127           0           2  -1.2909124786954889       0.76509282693316938       -2.4782949090565967                0           0           0
         128           0           2 -0.99998687390953556       0.50761106379215504       -3.3491339641556785                0           0           0
         129           0           2 -0.83638134176525858      -0.45481587118217859       -3.5807556534821448                0           0           0
         130           0           2 -0.46146767324473237       -1.4818418755199800       -3.2721662660277588                0           0           0
         131           0           2  -1.0961677186950147       -2.2232432652520178       -3.1029921921585668                0           0           0
         132           0           2  -1.0815711275072215       -1.3515970766844698       -2.7320050439310277                0           0           0
         133           0           2  -1.1654726933135349      -0.94108567456447823       -1.9062324025035524                0           0           0
         134           0           2  -1.2090607805634310       -1.9620477355989727       -1.6722588454391591                0           0           0
         135           0           2  -1.3182575339809119       -1.5238972115342919      -0.78109857841846608                0           0           0
         136           0           2 -0.56673127405058232       -1.5978662514063777      -0.25771386171238109                0           0           0
         137           0           2 -0.38966077836325413       -1.3057764892802881       0.66174101981426714                0           0           0
         138           0           2  -1.2649657030403971       -1.6187599070141929       0.31079801090281756                0           0           0
         139           0           2  -1.2263271307045664       -2.3084920656697765      -0.52814370748946005                0           0           0
         140           0           2  -1.5756786485151455       -3.1465470705098646       0.12491486135759203                0           0           0
         141           0           2 -0.74406571015036949       -3.7565808785501904       0.47205563293921177                0           0           0
         142           0           2 -0.67122660717048233       -2.8813736302759327       0.95430222149647304                0           0           0
         143           0           2  0.29433974842728183       -2.5266880550525195        1.3219526516588380                0           0           0
         144           0           2 -0.48761011481443406       -2.1205443199745475        1.7283853739039701                0           0           0
         145           0           2  0.10048765832407888       -2.9712855128655788        2.0569004309497068                0           0           0
         146           0           2 -0.76215914213647884       -3.1754276688660812        2.3063300396087154                0           0           0
         147           0           2 -0.36468032117674032       -2.3840944105562887        2.7906182011947518                0           0           0
         148           0           2 -0.91531027581182500       -1.8547650287857076        3.3138800478636026                0           0           0
         149           0           2  -1.7360325154146992       -2.0612322176711144        2.7913697705782829                0           0           0
         150           0           2  -1.2161618032986565       -2.1000694835163913        2.1111455205846816                0           0           0
         151           0           2 -0.92407753244391488       -1.2198041890124507        2.3562236748755030                0           0           0
         152           0           2  -1.2691370611473451      -0.84537824463131805        1.4834070961505936                0           0           0
         153           0           2 -0.81304428362338343      -0.28703070819619503       0.78341661527476569                0           0           0
         154           0           2  -1.3762443876525251E-002 -0.25841137541400871       0.31631866799729558                0           0           0
         155           0           2 -0.11894846291600374      -0.32177809061886897      -0.65069369567030255                0           0           0
         156           0           2  0.22588697657284040      -0.58672580382496253       -1.4148801843128864                0           0           0
         157           0           2   8.4484808753658533E-002  -1.2395216212725999       -2.0654754994303186                0           0           0
         158           0           2  0.43940115082841735       -1.6781370459222891       -2.9197638443703418                0           0           0
         159           0           2 -0.18432264424574102       -2.4067855211238394       -2.8130728012595747                0           0           0
         160           0           2 -0.96365075320130900       -2.9883686311968658       -2.2831855327426780                0           0           0
         161           0           2 -0.24676457842189112       -3.2704102573033502       -1.7036389149641820                0           0           0
         162           0           2  0.74469843771805666       -3.1687528589444347       -1.4678376007456964                0           0           0
         163           0           2  0.67855830421402108       -2.6658675061139796       -2.4459226296341128                0           0           0
         164           0           2   1.5601431051456889       -2.6745870329041272       -2.2732920549746320                0           0           0
         165           0           2   1.5412030049564174       -2.9521384602694059       -1.2297475256616728                0           0           0
         166           0           2   1.3733367361898847       -2.1133502819802423      -0.53044104409632808                0           0           0
         167           0           2   1.1086395699864571       -2.7468948249600187       0.10270295549772543                0           0           0
         168           0           2   1.9714998110134487       -3.1267946167079588       0.57967251321175317                0           0           0
         169           0           2   2.0595324402573949       -2.8656419223173129        1.7571063293493079                0           0           0
         170           0           2   1.0845192822430496       -3.3115059695582563        1.7819431257437806                0           0           0
         171           0           2   1.1753367907243206       -2.5846273791591825        1.0458037267918943                0           0           0
         172           0           2  0.44170778070400085       -2.1794623432699232       0.38288836752805000                0           0           0
         173           0           2   1.0885912265381554       -1.7575175806897072       0.82429326791596169                0           0           0
         174           0           2   1.8804027753471484       -2.0790687931514849       0.27347045511870260                0           0           0
         175           0           2   1.6365908995031626       -1.1524208818809669      -0.20140015692950328                0           0           0
         176           0           2  0.81457548023447357      -0.90420457817091981      -0.48412276732925802                0           0           0
         177           0           2  0.29073688418699706       -1.6844815102831299      -0.38797883555579665                0           0           0
         178           0           2  -6.4950277918563309E-002  -1.5162482692364585       -1.2797611984345447                0           0           0
         179           0           2  0.64948113034549659       -2.1979227202034393       -1.1412133746469462                0           0           0
         180           0           2  0.92309192999684597       -1.7703628035511245       -2.1855851005407163                0           0           0
         181           0           2   1.8934833519883743       -1.9029940993701631       -1.8944491098723835                0           0           0
         182           0           2   2.2063594247999769       -1.4950204660003128       -1.1122564134291177                0           0           0
         183           0           2   2.3211399981613550       -2.4901567707388557       -1.3060555748737976                0           0           0
         184           0           2   2.4481370432320868       -1.9812086710687542      -0.39978954466004335                0           0           0
         185           0           2   2.8013852131309558       -1.1384773618008286       0.19050504239495072                0           0           0
         186           0           2   2.5337260131913562       -1.0444672905815271        1.2173147762672110                0           0           0
         187           0           2   1.6846394287970412       -1.2484942511122388        1.7701720078771974                0           0           0
         188           0           2   1.3394182277978659       -1.9075440015834972        2.5973826605997128                0           0           0
         189           0           2  0.97005968747305094      -0.99828649923766721        2.1066387140782386                0           0           0
         190           0           2  0.85451950658918852      -0.86466408342917567        1.0865770091972222                0           0           0
         191           0           2   1.3006496154975855        5.1443594701258796E-002   1.3677852820407324                0           0           0
         192           0           2   2.2651664211328773      -0.15634421828980158        1.2034692811335708                0           0           0
         193           0           2   2.2415011468563151      -0.22014692213683712        2.2143436473392875                0           0           0
         194           0           2   3.1623791994398931       0.10991785086233424        2.0694856326324160                0           0           0
         195           0           2   3.2775420152170698      -0.76473189641079520        1.7463105648741621                0           0           0
         196           0           2   3.2761055942818729        4.7267307521611485E-002   1.2344695216137467                0           0           0
         197           0           2   3.6676318500702707      -0.67190495882301304       0.66754061582308477                0           0           0
         198           0           2   3.7988810965339930      -0.33124788518514903      -0.34187414054638443                0           0           0
         199           0           2   2.9768899998447789      -0.72406651884853923      -0.73589063736870808                0           0           0
         200           0           2   2.2816556056203758      -0.40431218284056530       -1.3206202100407056                0           0           0
 
 Velocities
 
           1           0           0           0
           2           0           0           0
           3           0           0           0
           4           0           0           0
           5           0           0           0
           6           0           0           0
           7           0           0           0
           8           0           0           0
           9           0           0           0
          10           0           0           0
          11           0           0           0
          12           0           0           0
          13           0           0           0
          14           0           0           0
          15           0           0           0
          16           0           0           0
          17           0           0           0
          18           0           0           0
          19           0           0           0
          20           0           0           0
          21           0           0           0
          22           0           0           0
          23           0           0           0
          24           0           0           0
          25           0           0           0
          26           0           0           0
          27           0           0           0
          28           0           0           0
          29           0           0           0
          30           0           0           0
          31           0           0           0
          32           0           0           0
          33           0           0           0
          34           0           0           0
          35           0           0           0
          36           0           0           0
          37           0           0           0
          38           0           0           0
          39           0           0           0
          40           0           0           0
          41           0           0           0
          42           0           0           0
          43           0           0           0
          44           0           0           0
          45           0           0           0
          46           0           0           0
          47           0           0           0
          48           0           0           0
          49           0           0           0
          50           0           0           0
          51           0           0           0
          52           0           0           0
          53           0           0           0
          54           0           0           0
          55           0           0           0
          56           0           0           0
          57           0           0           0
          58           0           0           0
          59           0           0           0
          60           0           0           0
          61           0           0           0
          62           0           0           0
          63           0           0           0
          64           0           0           0
          65           0           0           0
          66           0           0           0
          67           0           0           0
          68           0           0           0
          69           0           0           0
          70           0           0           0
          71           0           0           0
          72           0           0           0
          73           0           0           0
          74           0           0           0
          75           0           0           0
          76           0           0           0
          77           0           0           0
          78           0           0           0
          79           0           0           0
          80           0           0           0
          81           0           0           0
          82           0           0           0
          83           0           0           0
          84           0           0           0
          85           0           0           0
          86           0           0           0
          87           0           0           0
          88           0           0           0
          89           0           0           0
          90           0           0           0
          91           0           0           0
          92           0           0           0
          93           0           0           0
          94           0           0           0
          95           0           0           0
          96           0           0           0
          97           0           0           0
          98           0           0           0
          99           0           0           0
         100           0           0           0
         101           0           0           0
         102           0           0           0
         103           0           0           0
         104           0           0           0
         105           0           0           0
         106           0           0           0
         107           0           0           0
         108           0           0           0
         109           0           0           0
         110           0           0           0
         111           0           0           0
         112           0           0           0
         113           0           0           0
         114           0           0           0
         115           0           0           0
         116           0           0           0
         117           0           0           0
         118           0           0           0
         119           0           0           0
         120           0           0           0
         121           0           0           0
         122           0           0           0
         123           0           0           0
         124           0           0           0
         125           0           0           0
         126           0           0           0
         127           0           0           0
         128           0           0           0
         129           0           0           0
         130           0           0           0
         131           0           0           0
         132           0           0           0
         133           0           0           0
         134           0           0           0
         135           0           0           0
         136           0           0           0
         137           0           0           0
         138           0           0           0
         139           0           0           0
         140           0           0           0
         141           0           0           0
         142           0           0           0
         143           0           0           0
         144           0           0           0
         145           0           0           0
         146           0           0           0
         147           0           0           0
         148           0           0           0
         149           0           0           0
         150           0           0           0
         151           0           0           0
         152           0           0           0
         153           0           0           0
         154           0           0           0
         155           0           0           0
         156           0           0           0
         157           0           0           0
         158           0           0           0
         159           0           0           0
         160           0           0           0
         161           0           0           0
         162           0           0           0
         163           0           0           0
         164           0           0           0
         165           0           0           0
         166           0           0           0
         167           0           0           0
         168           0           0           0
         169           0           0           0
         170           0           0           0
         171           0           0           0
         172           0           0           0
         173           0           0           0
         174           0           0           0
         175           0           0           0
         176           0           0           0
         177           0           0           0
         178           0           0           0
         179           0           0           0
         180           0           0           0
         181           0           0           0
         182           0           0           0
         183           0           0           0
         184           0           0           0
         185           0           0           0
         186           0           0           0
         187           0           0           0
         188           0           0           0
         189           0           0           0
         190           0           0           0
         191           0           0           0
         192           0           0           0
         193           0           0           0
         194           0           0           0
         195           0           0           0
         196           0           0           0
         197           0           0           0
         198           0           0           0
         199           0           0           0
         200           0           0           0
 
 Bonds
 
           1           1           1           2
           2           1           2           3
           3           1           3           4
           4           1           4           5
           5           1           5           6
           6           1           6           7
           7           1           7           8
           8           1           8           9
           9           1           9          10
          10           1          10          11
          11           1          11          12
          12           1          12          13
          13           1          13          14
          14           1          14          15
          15           1          15          16
          16           1          16          17
          17           1          17          18
          18           1          18          19
          19           1          19          20
          20           1          20          21
          21           1          21          22
          22           1          22          23
          23           1          23          24
          24           1          24          25
          25           1          25          26
          26           1          26          27
          27           1          27          28
          28           1          28          29
          29           1          29          30
          30           1          30          31
          31           1          31          32
          32           1          32          33
          33           1          33          34
          34           1          34          35
          35           1          35          36
          36           1          36          37
          37           1          37          38
          38           1          38          39
          39           1          39          40
          40           1          40          41
          41           1          41          42
          42           1          42          43
          43           1          43          44
          44           1          44          45
          45           1          45          46
          46           1          46          47
          47           1          47          48
          48           1          48          49
          49           1          49          50
          50           1          50          51
          51           1          51          52
          52           1          52          53
          53           1          53          54
          54           1          54          55
          55           1          55          56
          56           1          56          57
          57           1          57          58
          58           1          58          59
          59           1          59          60
          60           1          60          61
          61           1          61          62
          62           1          62          63
          63           1          63          64
          64           1          64          65
          65           1          65          66
          66           1          66          67
          67           1          67          68
          68           1          68          69
          69           1          69          70
          70           1          70          71
          71           1          71          72
          72           1          72          73
          73           1          73          74
          74           1          74          75
          75           1          75          76
          76           1          76          77
          77           1          77          78
          78           1          78          79
          79           1          79          80
          80           1          80          81
          81           1          81          82
          82           1          82          83
          83           1          83          84
          84           1          84          85
          85           1          85          86
          86           1          86          87
          87           1          87          88
          88           1          88          89
          89           1          89          90
          90           1          90          91
          91           1          91          92
          92           1          92          93
          93           1          93          94
          94           1          94          95
          95           1          95          96
          96           1          96          97
          97           1          97          98
          98           1          98          99
          99           1          99         100
         100           1         100         101
         101           1         101         102
         102           1         102         103
         103           1         103         104
         104           1         104         105
         105           1         105         106
         106           1         106         107
         107           1         107         108
         108           1         108         109
         109           1         109         110
         110           1         110         111
         111           1         111         112
         112           1         112         113
         113           1         113         114
         114           1         114         115
         115           1         115         116
         116           1         116         117
         117           1         117         118
         118           1         118         119
         119           1         119         120
         120           1         120         121
         121           1         121         122
         122           1         122         123
         123           1         123         124
         124           1         124         125
         125           1         125         126
         126           1         126         127
         127           1         127         128
         128           1         128         129
         129           1         129         130
         130           1         130         131
         131           1         131         132
         132           1         132         133
         133           1         133         134
         134           1         134         135
         135           1         135         136
         136           1         136         137
         137           1         137         138
         138           1         138         139
         139           1         139         140
         140           1         140         141
         141           1         141         142
         142           1         142         143
         143           1         143         144
         144           1         144         145
         145           1         145         146
         146           1         146         147
         147           1         147         148
         148           1         148         149
         149           1         149         150
         150           1         150         151
         151           1         151         152
         152           1         152         153
         153           1         153         154
         154           1         154         155
         155           1         155         156
         156           1         156         157
         157           1         157         158
         158           1         158         159
         159           1         159         160
         160           1         160         161
         161           1         161         162
         162           1         162         163
         163           1         163         164
         164           1         164         165
         165           1         165         166
         166           1         166         167
         167           1         167         168
         168           1         168         169
         169           1         169         170
         170           1         170         171
         171           1         171         172
         172           1         172         173
         173           1         173         174
         174           1         174         175
         175           1         175         176
         176           1         176         177
         177           1         177         178
         178           1         178         179
         179           1         179         180
         180           1         180         181
         181           1         181         182
         182           1         182         183
         183           1         183         184
         184           1         184         185
         185           1         185         186
         186           1         186         187
         187           1         187         188
         188           1         188         189
         189           1         189         190
         190           1         190         191
         191           1         191         192
         192           1         192         193
         193           1         193         194
         194           1         194         195
         195           1         195         196
         196           1         196         197
         197           1         197         198
         198           1         198         199
         199           1         199         200
         200           1         200           1
         201           1          50         100
